27221
31587
711
21219
11746
95
20014
1498
26812
6875
19164
9135
27366
15265
17408
12830
11581
6630
28301
17065
10834
30927
10402
1080
14709
26163
19785
6147
8210
22179
28773
11697
19777
17063
5862
10945
29592
10571
16191
24874
30019
7130
19994
6462
22103
14058
13130
29396
10596
11416
23297
24998
10826
17429
16195
18680
31565
29282
11674
31355
14443
28759
5388
7280
21740
29162
28746
15120
30524
25262
8234
2348
18166
19354
19031
5137
24897
17932
4167
28334
26463
8205
12910
6137
23427
5591
29618
8334
16355
17557
20766
21401
11279
14953
25050
26359
19585
18355
29531
30360
117
30097
13783
20264
2555
17826
3324
19438
1098
7952
22753
19444
5207
3277
19261
616
1958
12572
7383
9794
21856
4692
14141
17703
13735
9440
9913
15757
17190
13963
26753
9249
23276
7931
26926
6245
11898
22906
18287
19614
15386
27645
12031
17645
8563
16222
24532
4540
31835
19693
13722
2395
19948
17703
17247
17643
5082
5061
22416
25724
3075
25849
31780
24178
22088
4084
18199
24109
26780
2731
3866
30185
2394
19163
22665
10210
17372
14410
3741
2748
2889
5201
23779
3363
32686
31383
15596
7343
2385
24351
3142
13322
15938
11653
16044
5204
17970
28036
122
11718
12424
4284
23908
31638
28850
19890
16230
22299
29881
11289
23038
1586
2585
9808
21914
2272
1231
1067
20300
27193
23731
21238
197
6272
13576
7863
9345
2191
594
20660
27199
10361
16999
22325
4020
25967
31433
31371
29056
18656
28979
849
10337
28900
21106
5618
1703
26587
15222
26476
2536
8017
22697
12115
5364
4646
3968
31512
1547
20971
26191
18059
32078
910
7777
32159
26484
3898
13384
19309
8382
1913
14962
23164
17453
2972
16893
27200
31474
10588
17868
24032
24614
449
19419
10301
19643
13635
12495
14639
8115
23344
20946
20497
22159
2125
2205
22401
2571
10432
11734
11873
8968
12589
5533
545
23498
27424
14946
7745
24931
24747
2553
21777
10607
11088
2288
26044
20482
10784
16416
900
4575
25381
10370
25167
14059
5118
2372
27747
225
13769
31772
1390
29254
30790
3037
32457
416
30776
8520
8445
3299
13583
12836
28295
8492
2501
26257
984
27313
11526
10393
14496
24824
31891
21000
26188
840
6120
27773
30669
14686
3613
14274
9884
11360
8970
27225
2299
11287
28590
24663
21885
29784
25042
11382
32712
26307
24297
16229
4762
3249
3643
6498
27402
30055
3650
14859
14609
17552
6484
17009
26952
1258
23939
32111
23539
4927
3010
16954
3391
13719
25161
25912
4808
12972
13882
11030
4702
32158
16516
29205
5641
18920
12807
1444
24906
7059
21242
20532
11172
10153
12682
24392
25691
6381
9156
28107
25468
3273
8373
26791
11293
23688
13520
8595
9190
1733
5520
9260
25553
19747
6238
24904
1581
23103
4276
9351
5609
995
22915
2091
783
32125
3538
23337
16527
3791
13480
11647
28478
8935
25645
30409
14878
17234
8204
2831
18400
21389
30491
20962
26023
8380
9278
29607
20239
6558
13961
28978
14190
17089
1188
22935
30810
15090
28532
4668
2411
25592
14327
25907
9537
898
27760
18887
16329
28765
12485
6997
12733
8170
26149
12894
15722
10192
30189
5081
20662
2030
17357
10958
10337
20628
2855
16416
14475
30962
11191
9387
32375
31184
10617
16782
8078
128
25543
714
31143
19985
18370
20493
2181
5830
500
1992
17569
30150
29492
12423
24362
18709
27849
21634
32587
2499
30674
15215
25772
29796
11237
30363
4923
5568
22774
29497
27692
4043
2170
1786
22590
10967
6605
10974
26433
1800
32209
22601
2261
520
21977
15449
17012
9469
31173
13687
1715
11960
10606
20268
4548
3631
27972
12342
28480
24878
27189
11996
3363
19273
11473
32638
25
14613
12204
12656
23800
25496
8452
28169
19341
10237
11172
11766
13979
1932
18184
22740
15649
25562
21186
767
18652
19261
285
15780
28173
27011
21759
11550
30844
28900
14100
22911
18877
3892
26152
28012
27826
17246
18133
22319
593
9997
22111
7
27559
172
17628
3522
21789
12689
31384
25230
1787
21621
3255
20237
7978
8232
25884
10919
6206
25218
8586
17956
16820
10141
28169
27770
3447
24897
24204
26083
22185
8864
3024
12595
1441
17476
30599
26473
13616
1093
31670
32132
15657
30399
18780
22680
17952
23171
14932
26656
19057
9741
31356
14998
10373
24759
19479
16449
10832
7212
27504
12367
9758
8734
21953
17443
7312
10812
30546
15600
30689
11358
1253
26503
20590
8963
1106
4717
23158
20990
18543
10801
24862
25964
25650
28668
29368
31977
22810
32362
8772
30468
1226
4248
567
4336
4600
16255
15484
11900
28805
10624
27577
24132
6381
14399
6611
28201
7906
30901
1972
9216
22324
14721
8780
28295
5364
25471
18645
8861
16857
16540
18524
6322
21986
9449
12413
15996
29245
11758
25966
28907
9064
3136
4927
12896
3734
2902
26207
4378
3668
19352
11619
20976
620
25273
18435
13126
22282
22087
1893
23610
1821
9344
25503
19486
7680
20328
10871
24107
31834
7704
2924
13683
25667
2137
9467
9496
4264
113
30491
26812
23536
3901
24330
16696
14815
30336
75
18833
2235
19835
16112
6184
32174
19390
12053
48
12396
13885
7597
1893
2581
8870
5761
25595
7005
1266
2933
5845
7658
15163
269
30200
9470
3021
25649
15167
16725
18815
27949
27472
7249
4676
13308
10446
20052
23549
22982
18385
29805
17297
27559
13715
18744
21056
25266
2156
17663
11572
25910
19456
2341
25433
11583
23991
6853
19823
14432
28013
12438
13406
9392
30315
6162
12745
24339
17558
30167
32485
1723
23015
25933
9612
10734
18459
15241
18317
16393
21164
29041
28743
1221
27903
31009
9334
6329
26847
654
9292
2848
26922
29545
5060
12509
27850
5703
32051
27836
1511
17662
25119
19707
4443
4690
20053
8713
615
14033
8502
29325
5796
17659
338
28842
1596
26790
11832
21633
1113
13729
9355
16376
9182
18840
18521
4026
29782
17719
2473
15744
27433
24722
14163
14222
27926
7877
29717
20864
3037
25815
482
12870
19516
30693
22397
25454
2077
9852
13383
26017
16654
8518
9814
28273
30449
18153
14022
13138
22261
26412
12372
26085
22213
16732
13352
17789
4095
16878
4339
27100
28647
17253
4154
11069
3933
22134
11762
19352
18188
21866
28236
17697
21477
18117
17874
25105
8140
21285
18355
426
656
21100
3675
11893
3873
13345
4679
27087
16637
18196
25368
20643
7660
9281
30438
32121
8173
16631
982
19376
31600
27706
6127
24583
5573
15205
25385
6755
16341
10772
26567
21708
2320
28992
1255
5048
16038
22956
3928
2956
27386
3456
27819
8032
26964
11572
25741
15618
25045
11184
7252
14910
16817
13746
28887
5981
920
10351
8835
19180
23669
23421
1963
31423
8283
16880
14624
17973
29628
9924
27906
1468
7389
2171
29653
9112
2438
22534
3031
29153
23806
7913
32401
8651
6711
20635
15533
16427
15941
19243
27655
23350
24340
19241
7175
13707
8795
22212
5165
10868
8396
25648
28909
10088
2446
16203
702
24277
6636
29311
9070
6173
15695
14058
30136
16606
26985
12220
17176
9079
2740
29921
27614
26312
5403
12513
7554
15161
3318
22020
17207
22781
7228
11961
25794
13208
2036
19768
26509
1694
6637
7783
26103
8126
21167
9210
4335
2560
30641
6623
20417
32331
20941
2777
4655
15658
12272
6251
2244
13775
534
31223
14181
7769
8310
30503
5673
24914
4857
24972
13419
1148
27889
20869
4637
27853
4360
10851
9054
9144
29046
10698
12879
430
8312
1626
4899
25061
17661
24975
24182
17240
18338
4326
9696
31503
19424
578
22217
23456
18820
16269
16255
30198
23136
21922
27269
22353
4161
8811
17455
26766
26401
20038
15979
21161
10141
29870
26338
3200
19881
16407
9024
30169
18306
32025
1999
9127
8420
26833
31819
16777
28286
16005
8946
11412
3491
18566
13786
11090
3138
30811
20103
26378
19736
18971
19389
2626
15396
30491
18835
10371
10075
15305
24521
21340
3998
13528
6747
169
1513
6046
24662
9750
26829
18874
15595
11742
5664
7161
16066
10457
25843
11387
24977
25013
31684
13329
13804
13699
22261
17130
15199
21878
4989
12399
8378
21992
20958
17003
24236
11934
17751
20335
24723
4173
17242
24693
12179
13149
26432
5571
21477
1004
7740
21266
24690
20246
12173
30448
23713
21876
5368
8547
109
26338
14198
19919
30394
27526
25642
17433
6633
32270
3477
9485
24234
31544
11533
5629
24849
10904
22635
20395
18413
25750
24581
5226
29269
22966
2268
20863
9091
24348
14102
28621
8422
25679
7342
6066
30322
30269
16490
27692
21819
29567
28941
320
16450
21983
30926
4508
31630
13591
9482
14203
29055
26332
30262
11465
608
24603
3095
22151
29243
15235
8757
8050
26865
2371
12429
26079
14473
19477
1158
234
24009
18299
26150
8399
28419
840
7558
3736
27954
10339
27779
3833
11078
6856
20663
27768
16315
29903
8616
27856
13424
18353
24382
13720
26807
17736
17531
25632
22952
14102
29286
23708
17596
26249
18248
5252
22679
23165
13851
23610
26660
3587
12864
27630
21479
1121
880
14271
7567
24154
5621
20258
22987
21679
6938
19336
29791
15333
3552
4667
31351
30025
28658
28041
24379
28978
21211
16677
28323
9862
375
24010
25229
9087
23975
14369
19981
7087
17993
1765
21252
5954
6504
3141
22004
10116
9903
3722
9234
17571
9764
17401
16285
14517
1811
13819
18031
15356
11079
24443
9938
9833
25216
2704
5780
23136
14882
12636
94
19643
29995
26164
23361
19985
16487
1792
8338
31032
30439
16357
21496
27400
2735
8482
20931
10082
26031
19512
22399
20337
22261
31822
31433
3376
24608
28115
610
22573
30488
26981
21890
30604
4092
30194
30063
25934
860
30237
13645
30420
9385
13539
9272
28318
7401
9598
23952
23385
23983
23177
13204
26649
16459
30822
26675
483
9534
9949
26654
30318
10225
17925
15394
28714
15014
27240
9397
29570
16046
25698
5071
16734
27868
22218
30971
17133
8763
8404
5037
25249
25852
7990
16342
30331
13746
2186
28854
8072
194
26868
19953
17068
17428
260
9958
32414
15631
3038
12348
17204
12997
12440
16317
28129
12394
8931
31336
3964
17419
14062
10433
16194
5500
27783
9580
7967
27027
13700
6650
29993
26003
31585
32259
32365
9963
10282
3189
24303
801
13979
9003
21228
1033
3463
16578
1378
29754
10870
5288
12243
4034
24466
21877
26437
11545
10436
20863
14989
29268
23578
28072
1485
27291
14700
1659
7996
4061
7487
26488
16677
7362
23273
19627
21811
15074
502
8836
1259
24884
4811
30690
13178
30409
26249
22129
17585
3514
20020
30006
21838
19039
11541
31080
18557
19137
4700
14722
20126
8786
5642
13974
18761
15836
32014
16356
12431
17336
26798
29867
23939
17472
5417
6207
24058
20102
27547
27740
13710
15687
27424
1466
12265
20506
11580
20193
10304
25837
2427
11583
27165
26034
7252
31864
3938
15958
13651
21501
32651
28403
28792
19168
29747
3654
32474
11751
9945
20579
25231
23519
3045
26023
8656
15410
16102
17903
13657
956
1054
15367
13839
15323
832
17766
3557
16325
8056
6680
12288
9247
4268
28923
7194
15563
8706
21550
12580
13569
14754
6599
4911
28065
3517
21700
10380
5575
10958
21061
29234
12704
12063
30456
17249
893
24463
4308
7301
2854
31124
28938
11613
3953
26236
25144
16988
26131
13304
20192
8528
28085
30170
11290
6465
28235
29982
31877
18844
21409
20519
32643
25745
30262
28748
24742
28857
26190
30867
31589
19964
27971
4540
1812
434
14620
14210
16147
3592
26208
27421
23365
22693
23597
28427
27843
25742
11908
28688
29394
25415
31463
16252
15379
24892
29478
684
26618
4447
2678
31699
7297
31761
30915
20475
17438
5446
2119
28230
26610
32228
24924
31866
31299
29805
18574
27836
9516
14558
757
8348
29075
26583
21698
15698
23132
4347
19991
5447
8156
3226
23068
19160
28561
21646
17487
4182
13328
25698
10267
10577
8510
25786
32429
4374
20675
9710
16131
27254
700
11769
17477
7369
22192
23954
28249
16947
4294
28824
12466
19238
16181
23987
872
31528
21499
22841
27278
8919
1746
32590
1984
15146
4960
26960
27131
17913
10158
12914
4017
6080
5851
12198
20253
28320
9234
24257
6357
31398
31161
20697
18590
15184
8427
5106
30851
22093
3369
24538
2601
19333
4172
2642
23133
10841
19134
1646
21231
11308
27626
29503
20163
22562
22257
32175
1061
5159
32671
6571
26973
18228
5021
22152
18307
28877
17384
21151
28565
22991
17025
4667
17863
17000
18535
15798
5914
12647
14274
2782
27952
18614
11873
21917
21599
17188
7270
11226
18436
32616
13120
20634
14618
15459
16602
31339
25355
27302
19218
20738
25285
14132
32621
28195
17425
13193
19209
26049
31008
16091
11987
6503
28775
5279
9209
23254
15534
9295
9379
8688
867
5739
11486
22996
9523
8894
18392
2379
21724
7138
32083
23139
4156
21510
13140
17753
12206
16111
22555
25276
32663
30013
26712
10448
6204
31984
9628
6193
26583
31530
4366
7096
8937
13110
32351
8098
3793
30410
21248
9199
23198
27529
17810
19977
31266
18892
12702
15782
14151
30882
21382
10479
28071
11030
187
994
9302
25264
12337
14069
31234
31550
26384
10492
5951
9171
23981
8268
6940
26897
28856
16161
13818
13476
12983
7997
26270
26127
12722
20690
3460
26795
17712
16546
19062
27372
30819
18789
22622
6887
25760
29803
23385
3089
4114
11650
21772
10826
9390
28186
13115
24090
4969
9127
11415
17978
30633
21831
24536
10838
20218
19621
26892
2833
22787
17949
24879
29514
13240
27681
31739
28317
2001
8667
14337
18733
22906
24851
21753
31905
20812
12116
1111
28269
4476
28234
2079
25427
27474
2927
13305
19497
2269
21223
1160
20444
24294
27047
16632
14005
31522
13021
23254
6875
683
9356
37
538
29873
20343
5038
17634
1389
7745
32663
26259
9559
4050
5687
17143
2201
28925
29993
13584
17091
22879
7839
6933
19136
28554
15609
23479
31497
14435
17559
20648
25112
30152
26603
14942
30496
22646
4562
8469
1787
2346
23076
18195
28004
19719
10377
4143
28262
18744
31119
660
17428
10710
31226
17603
13435
12300
27740
15575
17365
27513
3301
13581
22272
8917
26491
10627
23086
12248
21517
9024
16349
21079
3365
17525
27658
16049
5309
27138
24481
27497
23380
1596
14393
25108
23873
6382
22526
6006
10822
26782
18926
3816
2920
24849
13897
19708
15102
15121
31554
23908
25353
20845
15867
28688
21955
18242
1968
20887
13435
25465
17203
17112
30879
17809
11928
29665
4891
22430
5425
9744
5601
8594
26045
14711
7113
25020
30940
10629
25244
3726
7110
15587
19307
9635
13117
27805
13606
27649
2752
18050
25962
923
9218
20173
29593
31258
6810
9477
27184
13532
28668
28705
4693
24125
21416
22000
7600
14358
15265
440
8828
30596
24865
32286
7646
3563
30091
26181
28789
826
9121
12858
2354
17776
12535
8848
12906
4447
21415
3911
13609
22703
4167
7667
18122
18727
13336
8985
29892
22824
16256
13021
711
32122
21691
9434
28424
27724
32461
3922
4313
4469
25787
32135
1404
6144
15610
25960
24377
11496
5416
8304
19118
24352
16890
27596
7783
16598
2934
13244
2222
11769
26978
11835
20388
23545
25596
2274
22417
5838
27883
11786
25465
20283
17526
25905
17392
24148
16116
21151
26670
8766
32387
6728
1382
22582
29949
10741
18516
22484
16936
28319
17686
5009
16941
31003
6460
648
24652
22013
29730
22393
461
7350
31102
10515
7482
31231
12853
28531
20939
14715
32627
31464
4898
4759
17402
18425
15672
15542
14266
21673
9368
3723
6562
23289
30411
11461
13239
5295
32531
3058
25955
27734
9052
18845
10255
16262
11631
8378
16884
5733
13417
32069
6957
29806
14955
29477
26897
9841
21140
7254
9153
12763
25388
8775
31229
18744
22562
30337
14140
27126
22969
32394
20475
1900
23422
14089
2133
26395
6013
4650
26836
4659
18868
5444
30087
89
16328
31162
23380
24487
4343
21791
1936
7668
4686
3229
24013
5974
23324
6039
32755
3558
28070
21901
23699
20163
22556
31552
30583
10330
25036
23319
8318
5604
6294
3266
3239
17455
21152
14365
1387
21410
30795
1879
8784
31612
10853
1107
16571
29276
6304
25934
11781
16390
7234
3267
14290
23652
27423
16523
5790
16331
30404
23625
26265
18560
19446
773
8885
6523
1627
5143
22013
22122
11382
26439
30504
24825
2009
5170
8814
31569
19861
18672
9626
29662
10998
29683
4705
15958
2669
17714
19186
7671
9422
19079
15566
17680
12987
11094
15834
3522
21088
18288
16306
12296
30050
15671
19777
6389
27409
6914
1679
18237
23269
16323
3801
20727
17192
12007
8423
30369
20464
23421
15770
26469
7760
11931
10437
6810
16335
19709
10301
25230
4633
24560
14644
7299
16117
25966
12226
8695
30839
19339
29893
24361
17783
23312
21995
13016
29250
13669
7181
31566
31118
27060
23487
29853
31156
25931
13349
19497
2585
17218
28680
3430
1261
16222
15656
19427
6425
20534
28116
11912
14450
11412
30905
16412
13875
16414
11000
10505
10666
21302
16507
13924
26929
27166
22152
21032
12640
8032
27798
20674
19585
32109
26464
14291
20036
7044
19001
25137
14261
469
6815
9519
5994
6375
8722
23326
31233
10295
551
30483
16074
10274
20184
1515
9408
27396
8990
16525
9150
24994
25538
4975
26095
32453
9327
16220
30087
32296
25357
30580
29360
4756
3402
8308
26055
16202
1145
5431
457
24737
5024
5245
27400
10224
3020
15340
22051
3758
31400
13396
4916
1240
12110
29495
22859
24211
349
13705
26140
17683
3660
6068
17908
11963
24830
28383
22514
8838
14230
18288
25203
19109
23436
11471
19406
6762
16385
7789
19266
2916
23119
22022
9772
13772
26853
17187
19837
18463
7250
24546
28524
8717
22175
17145
20840
5778
29922
4857
1617
6499
22288
16080
21735
23435
6675
8082
25219
6998
14364
26489
30213
11118
827
554
26381
30020
11821
19001
3438
31409
22389
14320
17631
6878
19118
27980
22772
7777
27679
17225
27981
20136
656
15455
13838
7323
21340
77
5262
6781
17608
17685
27732
19731
31379
18760
17471
6153
8398
17283
2052
18833
22766
27450
32222
2381
32032
32436
17536
11887
11740
27223
27983
16671
23997
29990
1742
11037
20368
5768
11097
23463
15019
22859
26647
25245
2432
28648
4138
18147
26225
24073
20520
7175
2790
23368
5583
6947
1181
21306
8180
17157
25922
9900
19133
17294
4160
4652
27664
14424
6870
24012
21579
30363
29293
14882
18230
29266
15657
28307
310
32409
10430
15570
7363
27994
7045
7587
27675
21032
31695
15077
6968
27755
377
19151
11776
31934
17856
12410
11965
2453
1367
1439
8396
22307
18615
29091
2969
5755
26295
29136
12747
4085
5468
30438
18619
19667
31986
31698
17451
1060
347
31165
2613
20201
13736
23880
9089
26487
11750
24854
15291
30748
9018
29068
1604
15621
7729
32212
23336
32095
6993
23080
8273
8125
24052
5965
21242
23994
25942
29533
17766
23263
14316
18378
25809
8903
30967
6304
7079
21120
31834
10506
9204
28981
19624
14616
24091
15370
22402
20671
32716
26952
13344
15394
12080
9914
14381
7439
24166
22359
20184
13773
31539
21536
17960
20757
18165
13388
1679
27486
27353
24739
26819
350
7246
30248
7625
10189
26042
15354
23890
20588
26475
12412
20043
24646
9424
29108
23984
31541
12777
1265
30625
10409
21756
16817
22199
13733
28810
25537
23960
30730
18817
2214
11977
22296
32179
7228
30404
15666
16007
30877
7243
22241
9198
15684
19195
17180
11161
8563
3108
6343
14442
17873
25048
25977
9768
18776
6210
2434
17782
9582
16697
5421
21510
5458
3605
2882
17674
3258
31682
11471
28139
443
1299
12840
27454
3560
20312
5421
20980
10942
1330
20683
208
3392
21414
14790
9759
25822
15729
21685
19875
411
14491
19790
2768
9583
19023
29411
4923
1258
5354
24109
23887
15131
3154
9289
5953
13488
17545
15104
2631
22110
3714
29259
15877
25220
22323
10006
28744
25099
31979
4933
13559
5264
3814
24309
21063
11205
11039
22276
11565
22036
28261
27859
23065
23686
10929
25418
9697
22500
22455
19741
11003
16668
29115
16462
18160
24805
15014
25332
1037
25254
4441
13626
19292
3732
21313
15530
29395
28443
31787
29868
31690
25984
30810
10313
5555
29124
23767
6453
14597
12747
31241
6157
28281
23486
31877
29149
5753
14253
4135
22245
17621
23673
14690
7837
1209
13297
22740
3318
6364
2619
3358
31971
3065
11382
26354
5144
9603
23197
9070
25617
5781
4270
24744
7255
29480
27404
138
12799
19336
10786
11744
8307
31241
6474
14255
10101
30965
23789
14024
10848
21706
27627
12702
5297
3746
14397
12885
26567
755
19161
795
21991
10360
22229
1211
3715
15215
2000
21359
8124
10501
3982
11766
4389
20239
14050
21223
7114
25594
30161
18501
9073
6917
22260
16723
21791
22701
10782
5802
3806
2921
19007
1160
29886
31896
31368
9067
22298
11704
7888
20191
19996
5592
21303
28308
11907
21328
9993
21939
15268
9647
32485
11378
15023
17397
25118
6119
19252
25347
14177
5145
10470
79
13464
13405
15006
17628
1551
15840
4771
5226
28885
20608
17448
7402
29798
4576
12822
31284
12166
3771
15116
16892
3184
18040
26276
3074
30768
5375
30713
19082
10574
28364
2406
1804
14764
9025
5520
22316
6065
6465
4518
7660
4775
14842
31975
27937
1634
32258
2405
6948
27171
20646
16905
24777
18108
15743
20952
5013
22516
7238
20596
20523
23852
12008
14310
10504
23875
26077
26522
11632
25016
16054
22699
23720
27918
28918
26466
22886
12405
23843
22009
29062
17574
29213
27812
19966
27151
31918
23250
24340
5168
5473
15791
22735
17477
8344
28654
21419
30501
5337
1735
26000
10858
31593
8251
18181
15570
24348
26271
22690
11749
7531
27992
7363
216
19911
19172
31108
18098
13101
5146
22249
5037
27643
7346
27996
25567
21506
8455
22621
13081
19676
15644
16757
19472
24703
21725
14187
4794
29203
20904
1467
19963
28929
22796
8260
13441
16973
24785
30529
16621
21541
17464
18298
4403
4026
16003
15036
21827
7502
28344
27782
4329
11918
18595
9989
13553
17187
5914
27714
21392
7044
29573
8091
29695
19982
22173
25456
18793
12886
9843
32542
20743
5822
26036
24881
7050
29766
26668
4565
17849
5285
12426
10638
25691
24217
23395
8233
26455
15483
15225
2035
14362
20758
2876
2344
5945
28345
22417
12718
32087
1163
2003
27907
842
30239
10007
14453
5497
4424
21173
26513
30344
5679
29188
3293
21816
1442
7012
23242
31112
10671
19074
4324
19745
3186
19415
18764
17136
20779
370
14952
25109
9107
25848
16601
30716
12657
27369
17837
13769
25192
11044
21718
15610
16915
29358
30683
24391
20564
8879
10446
5581
11240
189
29054
29548
19263
23645
2797
5742
14219
11719
4357
23913
32280
4586
7814
25446
19419
18352
25923
1858
26445
4739
5774
597
31866
9744
12273
21074
28500
32587
31
31342
10318
20147
30761
24517
3878
22487
7413
17657
10242
27161
11501
10524
1727
22194
19956
3536
3206
2038
22430
26796
9120
7641
3488
17378
28043
13235
24197
21023
5965
13120
31395
31155
18440
22763
22350
6898
24015
19788
29259
5594
27832
30703
27015
21238
13362
28503
15113
21377
32409
10818
16678
3279
7944
22063
16116
4841
367
30494
4353
22136
229
13463
22084
31204
30783
30701
9555
444
16609
16324
8663
25689
5076
19665
1597
15550
281
3041
30127
9411
28989
24861
10819
31347
25902
14476
21362
5298
26701
32729
14539
11043
26820
27991
29928
30024
27162
14402
23714
17643
17925
9800
26241
8125
28543
4679
9846
7230
27675
20569
12749
1500
30618
4878
32605
3167
1465
13816
6146
644
5710
4461
11085
28648
3987
15240
23673
31272
4802
23153
23457
26951
32482
27614
7985
19280
5600
9690
20891
31548
30689
21702
18251
3861
26839
23197
4316
29020
5202
13180
32140
10665
17306
9057
8685
6289
14842
28978
14046
10956
11102
21250
25786
18327
289
28561
20175
32344
24864
6417
29458
14209
11027
9520
12816
27830
24605
1618
4904
11314
10401
2590
6392
27495
27736
24893
14869
27876
12448
21598
20991
15740
12567
19070
7764
3237
26217
1126
7235
25630
28518
12661
23108
725
4184
16799
4614
24327
15507
6326
7849
5033
24141
1768
9006
15623
20656
10890
29996
2219
16430
7956
8132
31872
25877
7532
4822
14647
19555
29031
21109
15338
8923
26765
15001
25343
13912
7708
11028
14928
8546
18512
12232
21128
21759
27362
30998
10192
29899
4814
14490
23468
14667
32602
13845
17951
19583
23636
12458
8726
21686
29083
24654
22788
8614
27617
11130
12745
12220
8878
25890
26328
30129
32680
9963
26521
12382
27411
7065
18700
8401
24980
19910
10672
28832
5946
20186
3235
12413
19390
18999
28682
9483
13322
22708
8883
22001
7417
10317
7417
4908
11102
19481
24808
25769
23879
18556
9634
6163
12419
12189
20993
24810
4705
25114
2686
16085
31931
18427
22098
7737
25651
5605
8155
26378
23485
29328
5184
28129
4446
4219
9816
31567
2099
4063
14536
23922
13236
15585
13164
14277
22586
32267
2041
1340
21695
1789
27104
145
14821
9056
15733
26328
21050
11804
592
18522
32699
2251
15603
23456
4759
10093
9134
1742
32053
1117
4800
